year,month,prices,date
2019,1,56.7288843537415,2019-01-01
2019,2,49.47922619047619,2019-02-01
2019,3,46.55877688172043,2019-03-01
2019,4,53.197125,2019-04-01
2019,5,55.400631720430106,2019-05-01
2019,6,58.342222222222226,2019-06-01
2019,7,56.49658602150537,2019-07-01
2019,8,61.55654569892473,2019-08-01
2019,9,55.992666666666665,2019-09-01
2019,10,53.176653225806454,2019-10-01
2019,11,50.37329166666666,2019-11-01
2019,12,44.549569892473116,2019-12-01
2020,1,44.13818548387096,2020-01-01
2020,2,40.86833333333333,2020-02-01
2020,3,36.93766129032258,2020-03-01
2020,4,33.30244444444444,2020-04-01
2020,5,38.54686827956989,2020-05-01
2020,6,48.39293055555556,2020-06-01
2020,7,48.97556451612903,2020-07-01
2020,8,52.28556451612903,2020-08-01
2020,9,53.73908333333333,2020-09-01
2020,10,52.189354838709676,2020-10-01
2020,11,53.550777777777775,2020-11-01
2020,12,56.65301075268817,2020-12-01
2021,1,54.78713709677419,2021-01-01
2021,2,58.889404761904764,2021-02-01
2021,3,59.63270161290323,2021-03-01
2021,4,59.35676388888889,2021-04-01
2021,5,65.64869623655913,2021-05-01
2021,6,76.22743055555556,2021-06-01
2021,7,82.33501344086021,2021-07-01
2021,8,82.40494623655914,2021-08-01
2021,9,102.24213888888889,2021-09-01
2021,10,103.22795698924732,2021-10-01
2021,11,117.80058333333334,2021-11-01
2021,12,179.38412634408604,2021-12-01
2022,1,143.98694892473117,2022-01-01
2022,2,116.81372023809524,2022-02-01
2022,3,141.325376344086,2022-03-01
2022,4,124.27170833333334,2022-04-01
2022,5,140.64385752688173,2022-05-01
2022,6,185.27365277777778,2022-06-01
2022,7,220.08454301075267,2022-07-01
2022,8,268.8785080645161,2022-08-01
2022,9,175.5023888888889,2022-09-01
2022,10,134.12081989247312,2022-10-01
2022,11,170.94841666666667,2022-11-01
2022,12,173.55036290322582,2022-12-01
2023,1,132.59112903225807,2023-01-01
2023,2,136.8511607142857,2023-02-01
2023,3,120.43358870967741,2023-03-01
2023,4,122.03256944444443,2023-04-01
2023,5,105.67106182795699,2023-05-01
2023,6,118.29834722222222,2023-06-01
2023,7,115.73008064516128,2023-07-01
2023,8,107.05844086021504,2023-08-01
2023,9,109.83054166666668,2023-09-01
2023,10,95.37700268817206,2023-10-01
2023,11,98.434125,2023-11-01
2023,12,80.07709677419355,2023-12-01
2024,1,93.47572580645162,2024-01-01
2024,2,75.97037356321839,2024-02-01
2024,3,75.35961021505376,2024-03-01
2024,4,80.87697222222222,2024-04-01
2024,5,85.6310752688172,2024-05-01
2024,6,105.53120833333334,2024-06-01
2024,7,109.00516129032258,2024-07-01
2024,8,100.11619623655913,2024-08-01
2024,9,94.99322222222222,2024-09-01
2024,10,103.15720430107528,2024-10-01
2024,11,120.77844444444443,2024-11-01
2024,12,110.2212602739726,2024-12-01
