year,month,prices,date
2019,1,58.374748299319734,2019-01-01
2019,2,46.85010416666667,2019-02-01
2019,3,40.49920698924731,2019-03-01
2019,4,40.841541666666664,2019-04-01
2019,5,40.19094086021506,2019-05-01
2019,6,36.22925,2019-06-01
2019,7,39.61560483870967,2019-07-01
2019,8,37.41150537634409,2019-08-01
2019,9,36.58068055555555,2019-09-01
2019,10,37.956908602150534,2019-10-01
2019,11,42.71355555555555,2019-11-01
2019,12,37.399112903225806,2019-12-01
2020,1,37.07186827956989,2020-01-01
2020,2,29.550114942528737,2020-02-01
2020,3,24.745537634408603,2020-03-01
2020,4,18.965791666666668,2020-04-01
2020,5,17.666559139784948,2020-05-01
2020,6,26.256416666666667,2020-06-01
2020,7,29.350456989247313,2020-07-01
2020,8,34.06581989247312,2020-08-01
2020,9,42.602624999999996,2020-09-01
2020,10,37.113965053763444,2020-10-01
2020,11,41.05136111111111,2020-11-01
2020,12,48.28125,2020-12-01
2021,1,53.62115591397849,2021-01-01
2021,2,49.234747023809526,2021-02-01
2021,3,48.89051075268817,2021-03-01
2021,4,53.869055555555555,2021-04-01
2021,5,56.11655913978495,2021-05-01
2021,6,76.50940277777778,2021-06-01
2021,7,82.5828629032258,2021-07-01
2021,8,86.66303763440861,2021-08-01
2021,9,136.38656944444443,2021-09-01
2021,10,163.8063306451613,2021-10-01
2021,11,186.29956944444444,2021-11-01
2021,12,237.80301075268818,2021-12-01
2022,1,189.23557795698923,2022-01-01
2022,2,168.291875,2022-02-01
2022,3,261.0312903225806,2022-03-01
2022,4,195.31241666666668,2022-04-01
2022,5,181.39770161290323,2022-05-01
2022,6,210.70393055555553,2022-06-01
2022,7,306.8632392473118,2022-07-01
2022,8,447.2496236559139,2022-08-01
2022,9,340.894375,2022-09-01
2022,10,155.50997311827956,2022-10-01
2022,11,179.48052777777778,2022-11-01
2022,12,258.49163978494624,2022-12-01
2023,1,126.12795698924731,2023-01-01
2023,2,134.91026785714286,2023-02-01
2023,3,104.44475806451612,2023-03-01
2023,4,98.71122222222222,2023-04-01
2023,5,77.87716397849462,2023-05-01
2023,6,92.04093055555556,2023-06-01
2023,7,71.69251344086022,2023-07-01
2023,8,91.41880376344085,2023-08-01
2023,9,98.69522222222221,2023-09-01
2023,10,90.18885752688172,2023-10-01
2023,11,94.4645,2023-11-01
2023,12,73.04486559139785,2023-12-01
2024,1,78.4281317204301,2024-01-01
2024,2,63.91093390804598,2024-02-01
2024,3,63.37655913978495,2024-03-01
2024,4,58.423291666666664,2024-04-01
2024,5,65.69962365591397,2024-05-01
2024,6,68.06193055555555,2024-06-01
2024,7,65.04440860215054,2024-07-01
2024,8,77.09561827956989,2024-08-01
2024,9,77.62361111111112,2024-09-01
2024,10,87.80352150537634,2024-10-01
2024,11,113.46841666666666,2024-11-01
2024,12,108.62484931506849,2024-12-01
