year,month,prices,date
2019,1,50.11069387755102,2019-01-01
2019,2,42.814613095238094,2019-02-01
2019,3,30.614852150537637,2019-03-01
2019,4,36.97281944444445,2019-04-01
2019,5,37.83208333333333,2019-05-01
2019,6,32.50445833333333,2019-06-01
2019,7,39.71306451612903,2019-07-01
2019,8,36.81869623655914,2019-08-01
2019,9,35.76566666666667,2019-09-01
2019,10,36.94754032258065,2019-10-01
2019,11,41.00483333333333,2019-11-01
2019,12,31.97061827956989,2019-12-01
2020,1,34.97870967741935,2020-01-01
2020,2,21.91183908045977,2020-02-01
2020,3,22.519314516129032,2020-03-01
2020,4,17.049194444444446,2020-04-01
2020,5,17.604879032258065,2020-05-01
2020,6,26.229166666666668,2020-06-01
2020,7,30.07494623655914,2020-07-01
2020,8,34.88970430107527,2020-08-01
2020,9,43.67809722222222,2020-09-01
2020,10,33.955900537634406,2020-10-01
2020,11,38.79651388888889,2020-11-01
2020,12,43.54505376344086,2020-12-01
2021,1,52.79319892473118,2021-01-01
2021,2,48.70690476190477,2021-02-01
2021,3,47.18168010752688,2021-03-01
2021,4,53.65715277777778,2021-04-01
2021,5,53.33150537634408,2021-05-01
2021,6,74.13072222222223,2021-06-01
2021,7,81.29489247311828,2021-07-01
2021,8,82.81185483870968,2021-08-01
2021,9,128.33577777777776,2021-09-01
2021,10,139.54338709677418,2021-10-01
2021,11,176.2458472222222,2021-11-01
2021,12,220.95662634408603,2021-12-01
2022,1,167.8745564516129,2022-01-01
2022,2,128.7774107142857,2022-02-01
2022,3,251.75978494623655,2022-03-01
2022,4,166.00181944444444,2022-04-01
2022,5,177.50618279569892,2022-05-01
2022,6,218.18201388888886,2022-06-01
2022,7,315.2624865591398,2022-07-01
2022,8,465.51416666666665,2022-08-01
2022,9,344.9385555555556,2022-09-01
2022,10,152.7453494623656,2022-10-01
2022,11,173.928,2022-11-01
2022,12,251.21689516129032,2022-12-01
2023,1,117.94370967741935,2023-01-01
2023,2,128.39092261904761,2023-02-01
2023,3,102.40114247311827,2023-03-01
2023,4,100.83248611111111,2023-04-01
2023,5,81.64637096774194,2023-05-01
2023,6,94.83972222222224,2023-06-01
2023,7,77.48279569892473,2023-07-01
2023,8,94.41327956989247,2023-08-01
2023,9,100.7262638888889,2023-09-01
2023,10,87.31630376344086,2023-10-01
2023,11,91.17997222222222,2023-11-01
2023,12,68.37576612903226,2023-12-01
2024,1,76.63426075268818,2024-01-01
2024,2,61.35737068965518,2024-02-01
2024,3,64.66461021505377,2024-03-01
2024,4,62.392722222222226,2024-04-01
2024,5,67.28461021505376,2024-05-01
2024,6,72.89022222222222,2024-06-01
2024,7,67.71,2024-07-01
2024,8,82.03493279569892,2024-08-01
2024,9,78.06488888888889,2024-09-01
2024,10,86.29299731182796,2024-10-01
2024,11,113.9568888888889,2024-11-01
2024,12,109.19710958904109,2024-12-01
