year,month,prices,date
2019,1,62.67968707482993,2019-01-01
2019,2,48.73372023809524,2019-02-01
2019,3,35.76735215053763,2019-03-01
2019,4,38.67554166666667,2019-04-01
2019,5,38.067083333333336,2019-05-01
2019,6,31.85108333333333,2019-06-01
2019,7,37.915631720430106,2019-07-01
2019,8,33.850725806451614,2019-08-01
2019,9,37.43647222222222,2019-09-01
2019,10,39.97977150537635,2019-10-01
2019,11,45.948527777777784,2019-11-01
2019,12,40.84326612903226,2019-12-01
2020,1,42.55724462365591,2020-01-01
2020,2,34.117629310344824,2020-02-01
2020,3,26.131129032258066,2020-03-01
2020,4,17.18313888888889,2020-04-01
2020,5,16.86393817204301,2020-05-01
2020,6,25.71206944444444,2020-06-01
2020,7,32.81716397849463,2020-07-01
2020,8,35.52837365591398,2020-08-01
2020,9,45.889833333333335,2020-09-01
2020,10,38.20896505376344,2020-10-01
2020,11,41.49175,2020-11-01
2020,12,51.363857526881716,2020-12-01
2021,1,60.48057795698925,2021-01-01
2021,2,53.87540178571428,2021-02-01
2021,3,56.17493279569893,2021-03-01
2021,4,63.67180555555555,2021-04-01
2021,5,57.79576612903226,2021-05-01
2021,6,73.61009722222222,2021-06-01
2021,7,80.89900537634409,2021-07-01
2021,8,82.65998655913978,2021-08-01
2021,9,138.21255555555555,2021-09-01
2021,10,198.32283602150537,2021-10-01
2021,11,226.98712500000002,2021-11-01
2021,12,282.14497311827955,2021-12-01
2022,1,219.4772043010753,2022-01-01
2022,2,208.7084226190476,2022-02-01
2022,3,306.0929032258064,2022-03-01
2022,4,227.19929166666665,2022-04-01
2022,5,197.0873252688172,2022-05-01
2022,6,255.18404166666667,2022-06-01
2022,7,383.26880376344087,2022-07-01
2022,8,488.1365188172043,2022-08-01
2022,9,403.7909166666667,2022-09-01
2022,10,183.9667069892473,2022-10-01
2022,11,219.33923611111112,2022-11-01
2022,12,279.6886827956989,2022-12-01
2023,1,157.4591801075269,2023-01-01
2023,2,153.76,2023-02-01
2023,3,124.42708333333333,2023-03-01
2023,4,116.12230555555556,2023-04-01
2023,5,85.80236559139784,2023-05-01
2023,6,92.23231944444446,2023-06-01
2023,7,82.42369623655914,2023-07-01
2023,8,94.53095430107527,2023-08-01
2023,9,97.02127777777778,2023-09-01
2023,10,105.44682795698925,2023-10-01
2023,11,103.23856944444445,2023-11-01
2023,12,80.9728494623656,2023-12-01
2024,1,84.00504032258064,2024-01-01
2024,2,69.91400862068966,2024-02-01
2024,3,72.49256720430108,2024-03-01
2024,4,62.23137499999999,2024-04-01
2024,5,62.04559139784946,2024-05-01
2024,6,48.14013888888889,2024-06-01
2024,7,38.67604838709677,2024-07-01
2024,8,58.66470430107527,2024-08-01
2024,9,81.07261111111112,2024-09-01
2024,10,83.3565994623656,2024-10-01
2024,11,124.82322222222223,2024-11-01
2024,12,126.35453424657534,2024-12-01
