year,month,prices,date
2019,1,61.548952380952386,2019-01-01
2019,2,46.60994047619048,2019-02-01
2019,3,33.847741935483874,2019-03-01
2019,4,38.09826388888889,2019-04-01
2019,5,37.20190860215054,2019-05-01
2019,6,29.244263888888888,2019-06-01
2019,7,37.69064516129032,2019-07-01
2019,8,33.362930107526886,2019-08-01
2019,9,35.55148611111111,2019-09-01
2019,10,38.61657258064516,2019-10-01
2019,11,45.945680555555555,2019-11-01
2019,12,36.46623655913979,2019-12-01
2020,1,37.96986559139785,2020-01-01
2020,2,26.249281609195403,2020-02-01
2020,3,23.83430107526882,2020-03-01
2020,4,13.406125,2020-04-01
2020,5,14.874408602150536,2020-05-01
2020,6,25.84883333333333,2020-06-01
2020,7,33.41922043010753,2020-07-01
2020,8,36.763494623655916,2020-08-01
2020,9,47.190375,2020-09-01
2020,10,37.87383064516129,2020-10-01
2020,11,40.14140277777778,2020-11-01
2020,12,48.422620967741935,2020-12-01
2021,1,59.466975806451615,2021-01-01
2021,2,49.01364583333333,2021-02-01
2021,3,50.22795698924731,2021-03-01
2021,4,63.147986111111116,2021-04-01
2021,5,55.259811827956995,2021-05-01
2021,6,73.56091666666667,2021-06-01
2021,7,78.3071505376344,2021-07-01
2021,8,77.40415322580645,2021-08-01
2021,9,135.30443055555557,2021-09-01
2021,10,172.53745967741935,2021-10-01
2021,11,217.24170833333332,2021-11-01
2021,12,274.5094892473118,2021-12-01
2022,1,211.58327956989245,2022-01-01
2022,2,185.62595238095238,2022-02-01
2022,3,295.17474462365595,2022-03-01
2022,4,232.9195,2022-04-01
2022,5,197.46004032258062,2022-05-01
2022,6,248.73279166666666,2022-06-01
2022,7,400.94990591397845,2022-07-01
2022,8,492.99201612903227,2022-08-01
2022,9,393.54670833333336,2022-09-01
2022,10,178.88595430107526,2022-10-01
2022,11,192.15583333333336,2022-11-01
2022,12,270.49413978494624,2022-12-01
2023,1,132.2818682795699,2023-01-01
2023,2,148.77577380952383,2023-02-01
2023,3,111.80903225806452,2023-03-01
2023,4,106.45168055555557,2023-04-01
2023,5,77.4775806451613,2023-05-01
2023,6,91.28059722222223,2023-06-01
2023,7,77.61654569892472,2023-07-01
2023,8,90.96353494623655,2023-08-01
2023,9,88.70819444444444,2023-09-01
2023,10,84.19553763440861,2023-10-01
2023,11,89.01815277777777,2023-11-01
2023,12,68.3307123655914,2023-12-01
2024,1,76.66315860215053,2024-01-01
2024,2,58.38573275862069,2024-02-01
2024,3,53.53591397849463,2024-03-01
2024,4,28.229958333333332,2024-04-01
2024,5,27.089368279569893,2024-05-01
2024,6,37.78369444444444,2024-06-01
2024,7,47.08576612903226,2024-07-01
2024,8,54.562298387096774,2024-08-01
2024,9,51.61158333333333,2024-09-01
2024,10,62.25095430107527,2024-10-01
2024,11,100.55093055555555,2024-11-01
2024,12,98.34491780821917,2024-12-01
