year,month,prices,date
2019,1,51.03457142857143,2019-01-01
2019,2,42.796235119047616,2019-02-01
2019,3,33.574314516129036,2019-03-01
2019,4,39.08533333333333,2019-04-01
2019,5,37.418037634408606,2019-05-01
2019,6,32.86286111111111,2019-06-01
2019,7,38.8484811827957,2019-07-01
2019,8,37.83590053763441,2019-08-01
2019,9,35.39197222222222,2019-09-01
2019,10,38.27125,2019-10-01
2019,11,41.748694444444446,2019-11-01
2019,12,34.03508064516129,2019-12-01
2020,1,24.949717741935483,2020-01-01
2020,2,17.58505747126437,2020-02-01
2020,3,18.251276881720432,2020-03-01
2020,4,14.537013888888888,2020-04-01
2020,5,16.06236559139785,2020-05-01
2020,6,26.254708333333333,2020-06-01
2020,7,24.69537634408602,2020-07-01
2020,8,34.56504032258064,2020-08-01
2020,9,38.47336111111111,2020-09-01
2020,10,25.74256720430108,2020-10-01
2020,11,23.78044444444444,2020-11-01
2020,12,34.54833333333333,2020-12-01
2021,1,50.192083333333336,2021-01-01
2021,2,47.26346726190476,2021-02-01
2021,3,45.117352150537634,2021-03-01
2021,4,48.021347222222225,2021-04-01
2021,5,54.29013440860215,2021-05-01
2021,6,73.77058333333333,2021-06-01
2021,7,79.92119623655914,2021-07-01
2021,8,82.90743279569892,2021-08-01
2021,9,125.31372222222222,2021-09-01
2021,10,116.89836021505377,2021-10-01
2021,11,141.93273611111113,2021-11-01
2021,12,189.24556451612904,2021-12-01
2022,1,118.11655913978495,2022-01-01
2022,2,113.11175595238096,2022-02-01
2022,3,235.71641129032258,2022-03-01
2022,4,163.74877777777778,2022-04-01
2022,5,171.88727150537636,2022-05-01
2022,6,214.57902777777778,2022-06-01
2022,7,275.29966397849466,2022-07-01
2022,8,457.08100806451614,2022-08-01
2022,9,341.6430833333333,2022-09-01
2022,10,137.15274193548387,2022-10-01
2022,11,139.99783333333335,2022-11-01
2022,12,249.27576612903226,2022-12-01
2023,1,112.64658602150537,2023-01-01
2023,2,118.21520833333332,2023-02-01
2023,3,98.83840053763441,2023-03-01
2023,4,96.35945833333334,2023-04-01
2023,5,73.82470430107527,2023-05-01
2023,6,92.64043055555555,2023-06-01
2023,7,64.70059139784946,2023-07-01
2023,8,86.05850806451613,2023-08-01
2023,9,84.74222222222222,2023-09-01
2023,10,59.84826612903226,2023-10-01
2023,11,88.21181944444444,2023-11-01
2023,12,69.36208333333333,2023-12-01
2024,1,74.7553494623656,2024-01-01
2024,2,58.63932471264368,2024-02-01
2024,3,61.22108870967742,2024-03-01
2024,4,59.16258333333333,2024-04-01
2024,5,58.62158602150537,2024-05-01
2024,6,63.758513888888885,2024-06-01
2024,7,62.04331989247312,2024-07-01
2024,8,72.94155913978494,2024-08-01
2024,9,71.4685,2024-09-01
2024,10,76.83543010752688,2024-10-01
2024,11,96.03231944444445,2024-11-01
2024,12,93.07405479452055,2024-12-01
