year,month,prices,date
2019,1,55.65741496598639,2019-01-01
2019,2,46.265074404761904,2019-02-01
2019,3,42.008575268817204,2019-03-01
2019,4,41.335055555555556,2019-04-01
2019,5,39.4627688172043,2019-05-01
2019,6,30.182972222222226,2019-06-01
2019,7,35.020215053763444,2019-07-01
2019,8,34.699731182795695,2019-08-01
2019,9,30.050111111111114,2019-09-01
2019,10,36.71135752688172,2019-10-01
2019,11,42.216611111111106,2019-11-01
2019,12,37.89989247311828,2019-12-01
2020,1,24.60736559139785,2020-01-01
2020,2,12.325086206896552,2020-02-01
2020,3,8.001908602150538,2020-03-01
2020,4,4.694347222222222,2020-04-01
2020,5,7.1563978494623655,2020-05-01
2020,6,1.4532916666666664,2020-06-01
2020,7,1.4132661290322581,2020-07-01
2020,8,3.9299327956989245,2020-08-01
2020,9,9.538208333333333,2020-09-01
2020,10,13.165618279569891,2020-10-01
2020,11,4.654444444444445,2020-11-01
2020,12,20.197741935483872,2020-12-01
2021,1,48.163736559139785,2021-01-01
2021,2,47.42107142857143,2021-02-01
2021,3,41.46106182795699,2021-03-01
2021,4,44.21254166666667,2021-04-01
2021,5,48.307150537634406,2021-05-01
2021,6,54.05461111111111,2021-06-01
2021,7,57.47313172043011,2021-07-01
2021,8,71.90352150537635,2021-08-01
2021,9,106.2940138888889,2021-09-01
2021,10,98.91301075268817,2021-10-01
2021,11,106.44662500000001,2021-11-01
2021,12,174.30541666666667,2021-12-01
2022,1,140.45723118279568,2022-01-01
2022,2,119.76944940476191,2022-02-01
2022,3,192.3140994623656,2022-03-01
2022,4,180.69416666666666,2022-04-01
2022,5,163.33147849462364,2022-05-01
2022,6,181.14415277777778,2022-06-01
2022,7,258.54018817204303,2022-07-01
2022,8,443.09700268817204,2022-08-01
2022,9,353.5243888888889,2022-09-01
2022,10,126.96991935483871,2022-10-01
2022,11,108.99625,2022-11-01
2022,12,256.9657930107527,2022-12-01
2023,1,118.32952956989247,2023-01-01
2023,2,105.03681547619048,2023-02-01
2023,3,99.92959677419354,2023-03-01
2023,4,96.51733333333333,2023-04-01
2023,5,68.68569892473118,2023-05-01
2023,6,82.56305555555556,2023-06-01
2023,7,60.18076612903226,2023-07-01
2023,8,63.728212365591396,2023-08-01
2023,9,50.11866666666667,2023-09-01
2023,10,43.31706989247312,2023-10-01
2023,11,88.85556944444444,2023-11-01
2023,12,78.49426075268818,2023-12-01
2024,1,76.05729838709676,2024-01-01
2024,2,58.45435344827587,2024-02-01
2024,3,58.721801075268814,2024-03-01
2024,4,51.088375,2024-04-01
2024,5,41.537311827956984,2024-05-01
2024,6,41.94554166666667,2024-06-01
2024,7,34.69702956989247,2024-07-01
2024,8,40.39834677419355,2024-08-01
2024,9,38.072,2024-09-01
2024,10,41.78030913978495,2024-10-01
2024,11,55.33072222222223,2024-11-01
2024,12,64.14630136986301,2024-12-01
